Rs = 2.5/3;
Rr = 1.83/3;
Ls = 0.2557/3;
Lr = 0.2557/3;
Lm = 0.245/3;
pole = 4;
J = 0.033;
B = 0.00825;
D = Ls*Lr - Lm^2;
w = 2*pi*60;


