Rs = 0.0329;
Ld = 0.8643;
Lq = 0.8643;
Phif = 2.3036;
fe = Phif;
J = 0.0033;
B = 0.00825;

